Participant 1:
0,0,0,24,37,38,50,47,48,47,38,37,40,54,45,53,58,63,70,70,61,51,50,53,39,53,64,94,88,100,100,100,100,100,94,83,100,100,84,74,70,57,50,51,50,46,40,50,44,40,53,60,61,48,37,47,51,54,53,44,33,50

Participant 2:
0,0,5,16,23,11,32,39,45,45,68,78,69,69,80,83,85,72,60,55,49,42,55,66,73,68,72,72,72,85,85,76,62,62,41,42,55,73,90,85,78,85,88,85,84,80,79,81,78,74,68,78,80,75,82,79,93,100,87,76,56

Participant 3: 
0,0,24,41,13,7,28,47,43,37,17,21,23,49,55,44,36,40,50,49,49,50,65,75,80,56,43,54,58,58,63,64,55,54,41,47,58,44,58,50,55,49,57,46,18,10,14,24,37,40,55,44,47,54,54,60,64,63,68,61,63

Participant 4:
0,0,44,51,60,75,83,69,69,69,47,44,43,31,40,54,67,60,69,66,66,69,51,43,40,54,62,67,70,78,80,67,51,43,44,54,49,49,49,53,59,69,84,96,97,100,75,57,54,48,32,40,38,52,78,88,94,53,52,40,34,47