Participant 1:
0,0,0,47,69,87,100,100,100,100,100,96,97,100,96,100,100,94,90,83,90,91,93,84,84,90,93,100,87,70,70,64,70,81,81,87,83,87,87,87,100,100,91,77,77,56,57,70,88,100,93,87,78,67,77,81,84,83,74,53,60

Participant 2:
0,0,30,26,20,38,60,67,69,60,63,67,84,83,81,96,97,97,100,75,57,60,54,78,88,94,100,87,100,83,66,81,61,80,83,83,94,93,100,91,70,57,53,38,63,66,64,94,88,100,100,100,100,100,94,83,53,54,47,60,83

Participant 3: 
0,0,30,20,20,26,48,75,83,84,75,74,61,67,78,64,78,67,63,57,37,41,43,51,69,69,47,34,40,53,81,87,66,38,30,34,44,57,60,57,51,50,48,51,64,56,56,69,74,78,78,69,57,63,51,30,26,3,1,1,1

Participant 4:
0,0,44,51,60,69,77,69,74,70,69,80,70,60,51,50,54,63,66,64,67,70,74,80,77,78,75,69,69,69,67,64,63,61,60,64,67,60,69,66,66,69,61,63,60,64,67,70,77,78,80,67,54,51,54,56,69,75,74,70,70

Participant 5:
0,0,51,66,78,88,87,88,87,83,80,74,75,83,88,93,100,100,100,100,100,97,96,97,93,96,94,96,96,93,91,91,97,94,100,97,93,93,87,,81,83,84,93,88,93,93,90,96,96,100,97,93,91,84,77,70,54,41,40,43,53

Participant 6:
0,0,50,54,61,61,56,69,75,81,91,81,80,83,69,53,48,37,35,44,54,64,69,75,64,56,60,70,69,69,70,66,70,84,83,81,91,97,100,100,97,87,87,84,74,70,77,80,81,80,67,64,67,74,74,80,84,83,88,81,83