Participant 1:
Blinks:   [1, 3, 2, 1, 2, 3, 1, 2, 3, 1, 2, 2, 3, 3, 2, 2, 3, 2, 2, 2, 1]
Measured: [1, 3, 2, 1, 2, 3, 1, 2, 3, 1, 2, 2, 3, 3, 2, 2, 3, 2, 2, 2, 1]
Accuracy: 100%

Participant 2:
Blinks:   [1, 3, 2, 1, 2, 3, 1, 2, 3, 1, 2, 2, 3, 3, 2, 2, 3, 2]
Measured: [1, 3, 2, 1, 2, 3, 1, 2, 3, 2, 1, 2, 2, 3, 2, 2, 3, 2]
Accuracy: 83.30%

Participant 3:
Blinks:   [3, 2, 2, 1, 2, 3, 1, 2, 3, 3, 1, 1, 2, 1, 1, 2, 3, 1, 2, 2]
Measured: [3, 2, 2, 1, 2, 3, 1, 2, 3, 3, 1, 1, 2, 1, 1, 2, 3, 1, 2, 2]
Accuracy: 100%

Participant 4:
Blinks:   [3, 2, 1, 3, 1, 1, 1, 2, 3, 3, 3, 2, 2, 1, 1, 2, 2, 2]
Measured: [3, 2, 1, 3, 1, 1, 1, 2, 3, 3, 3, 2, 2, 1, 1, 2, 2, 2]
Accuracy: 100%

Participant 5:
Blinks:   [1, 2, 3, 3, 2, 1, 1, 2, 3, 3, 2, 2, 1, 2, 2, 2, 2, 3, 3, 2, 1]
Measured: [3, 3, 1, 2, 1, 1, 1, 2, 3, 3, 2, 2, 1, 2, 2, 2, 2, 3, 3, 2, 1]
Accuracy: 76.19%

Participant 6:
Blinks:   [3, 2, 2, 1, 2, 3, 1, 2, 3, 3, 1, 1, 2, 1, 1, 2, 3, 1, 2, 2, 1]
Measured: [3, 2, 2, 1, 2, 3, 1, 2, 3, 2, 1, 1, 2, 1, 1, 2, 3, 1, 2, 2, 1]
Accuracy: 95.24%